6916
22262
11278
22341
2832
14409
15865
7039
28425
500
1472
6198
10793
3041
19217
10463
24492
22990
24000
29967
29583
18873
992
27905
14120
28114
7899
4913
25567
21915
20877
5593
7425
27681
8635
14940
11983
28048
3192
15923
4911
19566
18869
1753
7795
7138
24299
22198
20568
8600
11537
4573
3302
5129
24576
896
25260
22047
4817
13843
1150
15967
22957
28803
12639
23531
14627
26999
7195
5467
13280
15498
18449
13558
14456
28076
18527
23735
5281
5042
22923
14517
7636
4564
23050
6729
11285
8820
4652
604
675
7931
9364
27192
2893
29604
14589
5388
14995
24741
3863
29514
18542
16244
13595
8762
5897
20250
1199
7907
3919
25831
16600
1215
25097
7808
24503
7042
8077
26914
21806
14563
22864
20151
20247
17656
189
27933
29402
11228
12999
9613
29750
10109
21717
11340
20596
1304
13505
14403
11504
10703
1113
3719
10193
16687
14031
16222
28671
11301
8637
27814
20707
27506
1383
15495
17054
16724
26932
5734
2156
2248
9331
6674
6057
10865
15463
19543
2019
14633
20297
585
14676
2310
29651
19226
24749
28015
5860
14692
10994
7776
10099
21871
4601
10909
19768
28747
18955
6076
26001
25776
723
27918
14429
25413
26697
9589
27591
17315
13416
1897
17563
21816
5161
14532
27519
18215
13097
22940
9387
5908
14677
5361
24501
2988
11892
15955
19039
12286
15210
6144
24207
24078
21394
25882
10660
19404
11137
12412
4346
15006
10536
11489
28910
27726
2863
18982
23435
6667
10305
24266
26821
7362
22811
24861
7694
29344
7139
17236
4049
15874
26621
27618
19149
21017
21404
14663
4654
4490
21110
4733
29520
22785
25830
8397
28159
27613
19416
19171
16035
18638
20656
13219
13915
25871
27920
18183
26771
11597
28329
27315
9814
11078
27173
27522
20353
28703
2869
20820
16419
19611
25785
2461
14189
9306
28855
26998
28851
6063
27946
14032
7577
24144
1376
27850
29535
10075
14315
21893
23360
2690
7792
7335
9368
25064
21683
4880
4541
4122
20529
12752
7451
9679
9309
13798
25356
4903
17967
12079
6077
18494
14057
26123
4089
7040
16171
27459
29795
24370
5866
19170
2702
25060
15615
26622
9196
10686
1251
22872
4842
28006
4706
2086
4747
1235
24864
15364
24724
18917
5374
21731
6279
27851
8320
27988
29675
6319
18050
20864
22179
2755
2402
14186
13835
17328
5977
3992
22611
5403
13490
26558
6902
18935
9872
20053
12829
25395
2241
22127
16825
15693
21251
23671
10581
2017
27477
5296
12565
27361
12525
21539
21781
2697
14122
29483
16389
28090
26445
10785
21324
8875
2609
24816
29279
15406
17190
8806
1527
21732
15883
26907
19889
15644
9622
26624
15507
1450
21151
28850
14164
19713
26503
26291
25185
16732
8598
21021
14945
9537
1580
1118
7116
22698
22485
448
11019
29549
21558
5760
13808
21355
4133
15918
11417
1966
11705
4096
8104
17100
13515
1740
5795
25522
22283
18807
18504
17476
5028
27937
13867
14895
4878
18245
9436
4708
27199
19500
13979
20881
22167
1313
25878
15279
1334
23778
16014
10908
26235
14816
2851
4843
19525
18512
9908
22196
28573
17437
23836
6758
29104
18596
21611
23474
25644
3275
12807
7581
3828
3727
1577
6380
15538
2417
20367
13074
19989
25517
22927
24475
8147
2066
21443
28909
1711
2075
16138
22602
23850
5805
21503
24834
10434
3509
2408
3322
14919
10718
29892
13807
9690
5958
20844
8330
26782
18381
14926
14214
2297
29802
27159
27744
10423
29838
29615
5682
17299
4335
19040
19262
3914
19399
24808
22819
23229
7877
4259
3605
18131
21576
24727
2328
10431
1012
27504
28185
6929
24509
9352
10255
24453
15073
10188
25315
5714
7621
28145
25431
7637
20907
4574
16722
19523
15996
5617
10698
22604
22441
10348
23705
24007
1221
24939
7747
10531
17467
9461
6528
25845
9764
22610
22754
14825
15334
2362
12768
27705
3627
15274
18742
23054
10159
1826
22187
2554
25355
28571
16699
7295
24114
11964
6663
8649
20368
17592
10603
17053
12574
15042
21062
6208
16072
16178
3748
17599
2494
6940
20219
11362
28863
20599
22156
21038
17408
4582
22017
7502
11997
3765
29954
23091
1356
8246
5787
7880
25867
3683
10002
9899
27085
7271
29849
3449
11856
12232
6751
19973
3548
13965
26780
17371
10226
2914
14907
4102
15149
21342
22522
22413
9607
25598
13209
25472
17411
25667
26273
16379
25659
27019
1627
9721
14957
10887
28712
23283
26144
23852
12560
17111
7007
28239
1706
19022
6102
26874
13411
8562
12567
6653
29328
8796
12954
22950
2469
21121
11125
16610
17019
12203
7063
28793
2498
3582
13647
10513
6347
4290
12955
21387
9296
12706
16818
28621
14007
25856
28949
17313
29817
28068
15093
25125
24787
20347
25825
26398
3725
3661
12070
7531
10041
22075
13831
9793
25859
5887
22428
11816
24761
9638
12675
13997
1963
3301
26759
19982
26824
22877
4472
4216
9167
28767
7829
27535
23458
13589
28410
22786
18844
9593
25457
27829
15841
8209
13912
10387
12164
4452
22993
27404
20879
28782
21508
11569
23982
22910
16053
15935
19388
5815
16507
26930
15452
12967
17391
27318
25745
20382
18757
29302
16721
15604
16760
16872
27838
17559
15019
28147
21708
26465
8166
7673
4285
20251
10770
18387
2500
12470
4879
16759
2648
19192
4719
13739
24914
25525
22699
3190
12102
11587
3949
7929
22440
16720
21733
29418
23970
7584
11825
25441
17260
23912
22218
9295
27567
18942
6310
17875
22433
1327
8453
22901
15152
22183
12849
25299
28118
24328
9265
18922
20789
21810
4173
16467
4185
13885
5307
28209
24145
24470
17354
8429
11089
27241
22815
24878
1052
5899
3121
12174
22377
3644
7481
17002
5891
29969
11383
12593
10661
18622
5852
3428
4355
22867
10505
26054
28128
23906
14714
27317
6488
24300
8373
15816
22935
24778
3448
17900
3716
9857
6268
12255
13637
6903
6593
28798
8418
24430
6339
3063
22555
14379
7714
18598
28019
24440
2387
26797
6147
17953
19409
25779
10199
14357
24801
20178
5886
14899
1556
22572
19204
10273
17066
22554
29357
14958
2654
29803
6501
13560
21929
1192
13218
20399
10447
16538
4685
25358
19212
9492
10550
4616
6457
1003
23287
16410
14016
6693
17861
23275
29870
10825
13144
4209
13725
29356
10857
15313
11262
7683
27684
4289
4420
5673
23188
24047
16049
19788
13575
13409
29898
27465
14322
28894
4362
28997
3612
26425
12928
4905
17787
17235
8559
5962
24390
22133
27095
25348
1881
29835
2853
12533
13804
28709
16864
24868
10296
7699
8717
20642
25073
15038
29559
28546
23533
24203
14956
11538
21001
14770
27934
7184
7958
8195
13344
29505
27288
23127
8928
10411
27521
21856
27981
27014
26080
9881
3094
6109
20885
8107
25714
19048
5646
21578
25320
24204
6669
3700
5068
22504
27369
20270
6042
5234
12483
22303
25706
18507
1526
10876
15085
10021
5900
21389
21353
8554
12375
28213
19685
15760
15658
12404
18954
21009
19875
3044
3632
1522
28299
10593
23473
2307
5324
16090
24065
15947
19289
8883
26843
18643
24282
10638
19504
28065
10866
6803
25772
19776
7784
26280
9207
2860
2306
28405
13499
10100
27275
6683
16221
10941
23102
8172
12859
17628
26018
6536
12515
7177
27627
3891
17468
5910
29222
4519
16742
1510
23693
13715
3255
20387
22337
3450
10719
12397
13363
27120
8892
29908
17283
9305
8566
12790
7853
11174
29061
25840
21145
15585
12419
16180
20755
13187
13528
15773
25224
6814
3378
23698
20107
16314
20349
5181
15722
13851
25899
29267
12417
5526
10300
14188
848
3590
11690
3137
29118
15171
23269
23025
3819
6031
23685
19375
24346
10610
12720
7064
4507
14794
20691
10078
16042
18337
20311
16163
29002
27277
24350
12481
18656
28980
19336
10084
15241
13465
10000
11864
6385
28119
28082
24239
21473
18219
8698
16286
24898
3461
20099
20090
17561
7710
6647
13944
21472
25201
25911
19524
3493
1319
14525
13913
2700
17099
5756
18210
17515
13866
21447
15372
25781
3818
27174
7011
28588
1516
11578
20579
3792
20539
27261
24678
20737
16457
6635
27644
13197
22729
20761
14161
11020
20897
21752
15674
2288
3820
28287
12815
16228
29512
3346
16750
18088
21247
7424
7944
8556
14587
6346
9246
16812
10760
26996
22718
24836
10755
24616
29597
25357
25650
19085
4765
13278
3264
11809
22537
3419
14293
11668
21074
29227
15510
25121
28351
14270
8735
11009
11512
13243
20018
25583
4050
3306
11120
7973
21952
17937
4597
9966
27823
6418
17003
9485
18914
4870
7060
6056
8086
19476
17494
29037
11456
27557
14027
28917
11595
19890
29938
1769
3009
29963
25717
10940
15768
21313
11572
8098
29987
9511
28378
17820
27298
12108
16047
24639
29105
4763
25387
24406
27939
18753
19574
23115
16804
29124
15500
28387
24668
10432
26222
12893
4743
15159
21557
17540
13184
24190
23740
25987
25148
17767
27392
19680
22833
23332
3334
13974
3382
27493
4716
28241
11244
10675
26976
22013
13588
24985
23272
8605
29724
3697
10181
28399
19707
10668
18365
18821
29844
10364
18969
19326
13127
29480
24835
20912
20803
