11278
24000
14409
2832
5593
15865
992
21915
10793
29583
18873
500
27681
22341
25567
28114
14120
19217
1472
7899
29967
22990
4913
28425
20877
3041
10463
6198
22262
27905
7039
8635
24492
7425
6916
11983
28048
14940
17066
15955
19543
27946
15364
25706
3448
19336
10078
8556
4420
21503
14794
29870
13913
19212
2469
3509
6144
22133
28159
5234
20297
7271
10021
15760
4747
9207
19713
25522
5795
27519
28410
24350
12928
4878
16864
18507
21110
7683
12481
27684
5805
25224
3748
13197
1251
27705
18210
25871
10770
7784
22940
19982
18917
14926
16286
16072
9368
18050
27644
25121
14676
21074
9364
20789
4102
11383
10002
24801
12232
20707
20539
17900
15149
8373
20151
6803
9305
7007
26998
4452
6102
19022
25185
9331
2019
25583
29892
23685
13804
21447
4290
22337
19680
18598
13097
10041
12675
20107
12164
6729
2461
3264
10084
17190
17561
5977
27506
19611
24724
27521
28118
5617
7747
22522
11362
17467
