51 57 140
109 167 180
88 114 203
97 169 218
91 86 199
99 90 156
99 133 200
91 142 195
84 94 212
91 93 189
83 169 194
68 102 185
66 114 209
63 71 175
62 67 172
70 72 146
73 73 149
72 72 161
71 75 176
72 159 185
98 72 159
100 78 161
96 72 169
120 126 201
126 103 159
126 96 170
125 106 179
122 102 176
79 118 175
78 89 201
99 117 177
128 128 206
128 130 222
53 104 188
42 80 169
148 139 168
140 93 166
97 143 169
28 47 154
108 99 134
109 117 164
38 117 180
45 126 169
150 167 165
175 184 175
159 176 194
161 91 155
152 148 166
141 131 155
84 149 140
146 143 153
73 137 160
73 116 202
83 150 202
95 159 191
143 143 155
96 161 180
95 87 160
94 127 197
116 109 171
98 193 171
114 183 198
95 155 199
81 132 197
88 152 202
53 80 151
117 157 149
153 150 152
114 147 145
23 132 150
138 101 157
84 139 163
130 128 150
135 113 167
113 113 150
41 52 147
134 169 160
154 140 151
157 172 170
128 177 168
171 134 181
157 133 161
57 135 138
125 154 141
109 103 177
88 129 164
108 196 198
88 165 192
94 174 197
142 142 198
125 140 176
96 76 157
92 80 158
85 87 153
78 75 183
86 79 195
103 104 169
77 116 158
79 134 193
96 133 199
97 80 198
92 138 192
79 92 197
79 91 180
104 113 150
125 154 139
